1281561910
37332503
1710407162
12882736
1675214647
1466096056
37429676
874862446
21348842
37486058
34806711
1925191413
1010494019
19520696
33696021
1202144731
1089375154
1830056420
1844993005
1203257324
13096275
1637055132
1695106339
1434428634
1016241246
11614276
1074161247
20609765
12322994
12020376
62024540
1447902181
2088369284
33021638
1292092285
13359904
1151171209
21705376
12767370
11534212
11537368
31663534
1377394471
1518147116
1658477253
36324410
33461172
1818390930
1272422504
1073877207
1178211949
20962835
92338935
1331883186
1899206792
1058763001
1572670484
1544937210
1585998871
403694064
403694064
1130360693
19526646
1529908145
1306806626
1051789707
1806972100
1561818332
1712321125
1455634319
1560638745
36513143
1655374548
37470964
1414370470
1470304803
1063435410
1286143820
1074774797
1939772755
34300097
1516552818
38414627
33839757
1394383818
443517279
1051463417
12014238
1250999626
1707070138
1552878208
11710973
1026990801
13503610
1534947568
1275280379
1957260888
11527509
1792782229
1565462372
35572206
1186332827
830636964
1084261604
2021696669
1171251548
2064936167
1364316799
1722697026
1408752765
1310778318
1109741545
1987745625
1266680227
33480660
2044825092
1024805788
1111683620
11575608
1916840390
2054106879
1891827594
460028717
33252792
1927373819
1641943969
33084820
1998543478
19737507
1685785453
1499364517
1672722612
2046077195
13196804
1706483091
1802749105
1521533711
162555858
13182122
1453556916
35112317
1706765070
1212825250
1780865317
753488723
1444521994
1096480395
1227223268
1863085070
2042277258
37817507
11870292
33741139
1496474900
1005542042
1448603654
37005489
1078620524
1926719317
2087275519
670104146
35895975
1939786200
1779040454
35861756
1238988112
1293731795
1163239656
1441578457
13114570
1940277028
1085078056
12853234
1791117802
1387134739
1003794392
21868487
1737445905
1450083835
1648521473
13023672
1185623845
37336315
1865533181
1091223674
20766802
12970993
1543990510
1235816379
2065411683
1983527676
1767894654
1210436065
35727092
34721472
1575813064
32315460
1547421518
1813694373
37485823
20494512
1825646066
21818160
1075294878
1204859858
1794122167
1246531646
38673363
1411265217
1032127288
1123496753
1110539975
1649894797
1606187935
1137716504
37206762
32294532
836265980
1722479841
1342923541
36476900
1437283257
1237401311
1745274953
1731944949
20136263
1356879122
37206778
1216593628
1297476483
1620920071
12971463
1043639980
1167252632
1420242508
36727677
20780657
1487732469
1863257416
1174878112
1981692686
1815888827
33617922
1458899910
1859764370
31863895
1584415518
1326163525
21093652
1821744096
1273267686
1655592800
1036890176
1700835644
11533424
1836707202
1796103052
33851152
11525829
12008415
2055528596
32731273
31068154
1155277599
37534472
344342362
1307870014
1940002732
21033469
1896802380
1927539778
1675437206
1542495109
1041259257
1638437633
1025727123
1171022015
1550563973
1747541553
1854766091
12960080
38491468
1934519680
1325552542
1094218524
1191445503
1299572391
1941703399
1803489486
1074077699
38507408
1020055571
1098492787
1304716209
1860559761
37263787
11550152
1464911654
1887440587
38570745
1755206943
12363505
13046088
1210318329
11709005
1363142286
1939798565
1073342424
1999043266
13299185
1242338710
1819850397
1485384292
1768700234
11828514
1900347429
1464727283
1005464305
1970123035
1144212466
13482292
1738429526
1053197006
36192626
34043537
1945702026
1869202698
1993899004
1743596862
1355289995
1386832685
1139809541
1328868675
1272652800
1844344590
2014035548
1897340195
1317322748
11823548
1726891769
1692465198
1614864586
891563110
1047495092
1477621192
1240083198
1727357458
1980167442
1036415992
32473038
1497809327
1389497649
1329443938
1247494655
33913550
1875530369
1611702261
1278178530
2036492924
2016805586
37459404
1245164528
1844720694
1110456287
12954474
1642199642
1846276460
35553360
1017857105
1700010279
1815298130
1791453827
1632496492
21033658
12020438
11531070
1538549058
1415171631
1938378305
1261241031
1732578272
38520305
1926434890
13564525
11555520
1103320291
37853231
1378909604
1097583998
1237945215
1144999114
1721626310
1434664537
1510402460
1399215183
19527523
1806079685
1150586379
1090369895
1237133496
1005134096
11548359
11548359
33770760
11532903
37620148
38473581
1806208968
13344099
1322019633
2027948639
12905328
1128181000
1081744380
1004046213
1391878437
1795650660
1638918034
1324284375
1127237946
11580498
1708513330
1376199637
1433974975
13150432
82322188
12084915
12173051
11531189
36184669
38510193
1654161388
1986521638
1043227129
34138819
13566385
1555339863
1328185381
1037706710
1627871812
13107285
1865201682
1379746236
1083281143
1483028719
11725531
2036762842
1655686385
1304260302
1498953282
1417820306
1266696752
877412762
31986276
35878101
1498919859
1070361211
1660011979
1082512541
12418427
36943054
1141647093
12012604
1372506015
756381097
1396190211
1161992830
1306308215
1802947984
12846878
590647032
31818445
12379687
1708513330
1122034802
1454943334
421782063
12759754
36229672
34283925
563223381
31298575
1677321917
1630356062
1287498848
35180720
35719791
12840364
12069752
1210310961
1210310961
76982748
1847542427
1086208195
37361917
1915603651
1511207488
1859145351
1100342358
1620999141
1306666677
1603341688
12383360
1862792665
20299845
1681823050
1559401320
1841487533
1083164839
1921533231
1656124330
11729253
1151326480
1675837506
11538155
1689938524
1166575040
1642083428
1093487618
30805405
36912407
1544937210
1096295649
12825295
1893604256
1676769293
1235946407
1241080664
1754856587
13446431
1476232133
1729139555
11887873
12990378
1232036527
1460526209
1277437056
1272427170
38486006
13590609
32769344
37695352
37524679
12815633
83710940
206513502
31068065
1380019560
1740898512
1143117419
2004369950
1594487551
13288650
1843337506
1600894659
1305117832
31346552
1654264406
33990106
1114870055
1377121604
38454587
11534317
1755632433
1303487840
1253742476
2093735494
1003602897
72653710
1320389808
1896234665
1368368055
1485262200
1075473052
1388230406
1493430644
1760875805
1071752698
1391474943
37774557
36619746
21560522
34818375
1803630162
1008751021
34993730
1106660845
1372173582
1621030347
37928716
311004910
13280301
190160411
1982236235
1095086029
36294945
1614855063
1131820274
1369693453
1470870963
1088213576
13443226
36798215
37332495
37332929
1570932990
1023912851
37873054
11734391
13435305
1576035715
1079793291
57808235
31222457
1052988878
1699567588
1473424941
1339907591
1818821966
1292120766
1419981871
1310828763
1845172787
1170664564
1369213647
38510196
33213526
2090213197
35103401
1738077093
32800185
11689342
20042960
1023834988
11609994
32708984
1001654660
37676318
1364425647
38226232
1209978230
1296794742
11835303
38634625
12956128
1927320631
33283530
1308587673
21587581
1969798289
1681724022
1086798901
1419681040
36905792
37357263
1683078159
1879595951
1122291590
13545566
1137553915
1773277890
1071973801
13347560
1058945435
1935005920
37206779
1433977135
1279788573
1002549572
21025357
11870085
1295597281
1381078574
1681300464
21440256
1280368716
1802597518
1478354860
1452730424
1175277287
1986542615
1655749880
1211972349
1138349547
13271233
1133517880
19952629
1040920481
567989845
1106201931
1714219923
1438950729
1870137337
1834847152
1679834108
1272692230
13450469
13165491
1132296882
20557648
1737282921
1044031506
1174068615
19927405
1915335964
1178330488
1582574480
12066466
32294569
36192626
11530877
1655749880
36782214
32876182
33937519
36519553
